! Laser frequency file SHARC 4.0
! version 1.0 
! laser file path = laser 

+0.000000E+000  NaN
+2.500000E-001  NaN
+5.000000E-001  +5.302602E+014
+7.500000E-001  +5.309773E+014
+1.000000E+000  +5.337734E+014
+1.250000E+000  +3.364960E+014
+1.500000E+000  +3.200593E+014
+1.750000E+000  +3.066253E+014
+2.000000E+000  +3.347118E+014
+2.250000E+000  +5.429268E+014
+2.500000E+000  +4.138602E+014
+2.750000E+000  +3.914697E+014
+3.000000E+000  +4.300854E+014
+3.250000E+000  +5.487853E+014
+3.500000E+000  +5.500168E+014
+3.750000E+000  +5.516501E+014
+4.000000E+000  +5.530902E+014
+4.250000E+000  +5.542581E+014
+4.500000E+000  +5.554962E+014
+4.750000E+000  +5.567567E+014
+5.000000E+000  +5.579221E+014
+5.250000E+000  +5.590247E+014
+5.500000E+000  +5.601006E+014
+5.750000E+000  +5.611400E+014
+6.000000E+000  +5.621395E+014
+6.250000E+000  +5.631016E+014
+6.500000E+000  +5.640266E+014
+6.750000E+000  +5.649143E+014
+7.000000E+000  +5.657652E+014
+7.250000E+000  +5.665789E+014
+7.500000E+000  +5.673551E+014
+7.750000E+000  +5.680941E+014
+8.000000E+000  +5.687955E+014
+8.250000E+000  +5.694591E+014
+8.500000E+000  +5.700848E+014
+8.750000E+000  +5.706725E+014
+9.000000E+000  +5.712219E+014
+9.250000E+000  +5.717330E+014
+9.500000E+000  +5.722059E+014
+9.750000E+000  +5.726406E+014
+1.000000E+001  +5.730374E+014
+1.025000E+001  +5.733969E+014
+1.050000E+001  +5.737201E+014
+1.075000E+001  +5.740086E+014
+1.100000E+001  +5.742656E+014
+1.125000E+001  +5.744953E+014
+1.150000E+001  +5.746973E+014
+1.175000E+001  +5.748733E+014
+1.200000E+001  +5.750246E+014
+1.225000E+001  +5.751527E+014
+1.250000E+001  +5.752588E+014
+1.275000E+001  +5.753445E+014
+1.300000E+001  +5.754112E+014
+1.325000E+001  +5.754603E+014
+1.350000E+001  +5.754929E+014
+1.375000E+001  +5.755088E+014
+1.400000E+001  +5.754968E+014
+1.425000E+001  +5.754641E+014
+1.450000E+001  +5.754168E+014
+1.475000E+001  +5.753565E+014
+1.500000E+001  +5.753251E+014
+1.525000E+001  +5.753231E+014
+1.550000E+001  +5.753177E+014
+1.575000E+001  +5.753079E+014
+1.600000E+001  +5.752906E+014
+1.625000E+001  +5.752716E+014
+1.650000E+001  +5.752418E+014
+1.675000E+001  +5.751986E+014
+1.700000E+001  +5.751410E+014
+1.725000E+001  +5.750691E+014
+1.750000E+001  +5.749826E+014
+1.775000E+001  +5.748860E+014
+1.800000E+001  +5.747791E+014
+1.825000E+001  +5.746612E+014
+1.850000E+001  +5.745275E+014
+1.875000E+001  +5.743782E+014
+1.900000E+001  +5.747663E+014
+1.925000E+001  +5.740273E+014
+1.950000E+001  +5.738282E+014
+1.975000E+001  +5.736251E+014
+2.000000E+001  +5.734760E+014
+2.025000E+001  +5.731017E+014
+2.050000E+001  +5.727988E+014
+2.075000E+001  +5.724694E+014
+2.100000E+001  +5.721091E+014
+2.125000E+001  +5.716950E+014
+2.150000E+001  +5.712594E+014
+2.175000E+001  +5.722257E+014
+2.200000E+001  +5.702611E+014
+2.225000E+001  +5.696846E+014
+2.250000E+001  +5.690842E+014
+2.275000E+001  +5.685720E+014
+2.300000E+001  +5.677129E+014
+2.325000E+001  +5.669567E+014
+2.350000E+001  +5.662223E+014
+2.375000E+001  +5.653532E+014
+2.400000E+001  +5.644446E+014
+2.425000E+001  +5.635108E+014
+2.450000E+001  +5.629254E+014
+2.475000E+001  +5.614244E+014
+2.500000E+001  +5.603345E+014
+2.525000E+001  +5.593447E+014
+2.550000E+001  +5.583761E+014
+2.575000E+001  +5.571344E+014
+2.600000E+001  +5.588719E+014
+2.625000E+001  +1.119856E+015
+2.650000E+001  +7.332514E+014
+2.675000E+001  +1.057450E+015
+2.700000E+001  +1.086586E+015
+2.725000E+001  +5.972116E+014
+2.750000E+001  +7.568000E+014
+2.775000E+001  +6.069992E+014
+2.800000E+001  +1.079453E+015
+2.825000E+001  +7.942105E+014
+2.850000E+001  +6.216974E+014
+2.875000E+001  +1.244686E+015
+2.900000E+001  +1.255035E+015
+2.925000E+001  +1.123195E+015
+2.950000E+001  +8.379185E+014
+2.975000E+001  +8.289671E+014
+3.000000E+001  +8.824485E+014
+3.025000E+001  +7.310947E+014
+3.050000E+001  +9.479826E+014
+3.075000E+001  +7.177358E+014
+3.100000E+001  +1.285505E+015
+3.125000E+001  +9.369297E+014
+3.150000E+001  +5.060590E+014
+3.175000E+001  +7.662850E+014
+3.200000E+001  +7.858685E+014
+3.225000E+001  +4.835553E+014
+3.250000E+001  +5.161304E+014
+3.275000E+001  +1.274887E+015
+3.300000E+001  +4.555505E+014
+3.325000E+001  +4.557361E+014
+3.350000E+001  +5.707659E+014
+3.375000E+001  +3.984049E+014
+3.400000E+001  +3.383221E+014
+3.425000E+001  +4.020479E+014
+3.450000E+001  +8.280069E+014
+3.475000E+001  +3.392149E+014
+3.500000E+001  +3.378185E+014
+3.525000E+001  +5.791161E+014
+3.550000E+001  +3.225317E+014
+3.575000E+001  +4.155572E+014
+3.600000E+001  +8.301453E+014
+3.625000E+001  +1.048909E+015
+3.650000E+001  +2.739465E+014
+3.675000E+001  +6.462684E+014
+3.700000E+001  +1.429744E+015
+3.725000E+001  +1.197535E+015
+3.750000E+001  +4.346366E+014
+3.775000E+001  +1.438902E+015
+3.800000E+001  +1.261546E+015
+3.825000E+001  +7.462103E+014
+3.850000E+001  +1.258318E+015
+3.875000E+001  +8.829588E+014
+3.900000E+001  +1.159217E+015
+3.925000E+001  +1.300355E+015
+3.950000E+001  +1.356751E+015
+3.975000E+001  +1.375926E+015
+4.000000E+001  +1.260027E+015
