# ! version 1.0 
#              ! nsteps = len(int_t_arr) 
#              ! dt = INFOS["time_step"] 
#              ! E-fields = true 
#              ! B-fields = true 
#              ! E-field gradients = true 
#              ! B-field gradients = true 
#      
+0.000E+000  +0.000E+000  +0.000E+000  +0.000E+000  +0.000E+000  +0.000E+000  +0.000E+000  +0.000E+000  +0.000E+000  +0.000E+000  +0.000E+000  +0.000E+000  +0.000E+000  +5.000E+001  +0.000E+000  +0.000E+000  +0.000E+000  +0.000E+000  +0.000E+000  +0.000E+000  +0.000E+000  +0.000E+000  +0.000E+000  +0.000E+000  +0.000E+000  +0.000E+000  +0.000E+000  +0.000E+000  +0.000E+000  +0.000E+000  +0.000E+000  +0.000E+000  +0.000E+000  +0.000E+000  +0.000E+000  +0.000E+000  +0.000E+000  +0.000E+000  +0.000E+000  +0.000E+000  +0.000E+000  +0.000E+000  +0.000E+000  +0.000E+000  +0.000E+000  +0.000E+000  +0.000E+000  +0.000E+000  +0.000E+000  +0.000E+000
+1.000E+000  +5.884E-135  +0.000E+000  +5.884E-135  +0.000E+000  +3.012E-132  +0.000E+000  +0.000E+000  +0.000E+000  -6.285E-132  +0.000E+000  +0.000E+000  +0.000E+000  +5.000E+001  -3.336E-117  +0.000E+000  +0.000E+000  +0.000E+000  +1.166E-111  +0.000E+000  +0.000E+000  +0.000E+000  +0.000E+000  +0.000E+000  +1.112E-117  +0.000E+000  -1.423E-115  +0.000E+000  +0.000E+000  +0.000E+000  +0.000E+000  +0.000E+000  -3.265E-103  +0.000E+000  -1.124E-143  +0.000E+000  +0.000E+000  +0.000E+000  +9.061E-120  +0.000E+000  +0.000E+000  +0.000E+000  -5.938E-115  +0.000E+000  +0.000E+000  +0.000E+000  +0.000E+000  +0.000E+000  -8.558E-098  +0.000E+000
+2.000E+000  -6.560E-092  +0.000E+000  +2.624E-091  +0.000E+000  -8.417E-095  +0.000E+000  -1.337E-094  +0.000E+000  -9.275E-112  +0.000E+000  +1.247E-078  +0.000E+000  +5.000E+001  +0.000E+000  +0.000E+000  +4.051E-064  +0.000E+000  -6.199E-075  +0.000E+000  -4.051E-064  +0.000E+000  +0.000E+000  +0.000E+000  +0.000E+000  +0.000E+000  -1.732E-082  +0.000E+000  +2.979E-081  +0.000E+000  -2.972E-079  +0.000E+000  +5.084E-067  +0.000E+000  +0.000E+000  +0.000E+000  -6.315E-078  +0.000E+000  -1.852E-083  +0.000E+000  +5.084E-067  +0.000E+000  -6.315E-078  +0.000E+000  +0.000E+000  +0.000E+000  -1.356E-068  +0.000E+000  +3.471E-064  +0.000E+000
+3.000E+000  +4.647E-070  +0.000E+000  -1.549E-070  +0.000E+000  +1.673E-071  +0.000E+000  +6.312E-073  +0.000E+000  +9.468E-073  +0.000E+000  +6.084E-057  +0.000E+000  +5.000E+001  -3.757E-059  +0.000E+000  +1.159E-042  +0.000E+000  +1.464E-053  +0.000E+000  -1.159E-042  +0.000E+000  +0.000E+000  +0.000E+000  +1.464E-053  +0.000E+000  -6.702E-060  +0.000E+000  +9.571E-060  +0.000E+000  -7.412E-061  +0.000E+000  +2.405E-045  +0.000E+000  +0.000E+000  +0.000E+000  -2.982E-056  +0.000E+000  +1.859E-061  +0.000E+000  +2.405E-045  +0.000E+000  +2.982E-056  +0.000E+000  +0.000E+000  +0.000E+000  +0.000E+000  +0.000E+000  +2.345E-043  +0.000E+000
+4.000E+000  -4.360E-056  +0.000E+000  -1.983E-068  +0.000E+000  +1.143E-057  +0.000E+000  +5.779E-077  +0.000E+000  -2.665E-058  +0.000E+000  +2.538E-042  +0.000E+000  +5.000E+001  +1.360E-044  +0.000E+000  +3.352E-028  +0.000E+000  +4.120E-039  +0.000E+000  -3.352E-028  +0.000E+000  +1.873E-051  +0.000E+000  +3.747E-051  +0.000E+000  -8.033E-047  +0.000E+000  -1.474E-045  +0.000E+000  +1.292E-044  +0.000E+000  +9.595E-031  +0.000E+000  +0.000E+000  +0.000E+000  -8.394E-042  +0.000E+000  +4.309E-047  +0.000E+000  +9.595E-031  +0.000E+000  -7.634E-054  +0.000E+000  -1.375E-037  +0.000E+000  +0.000E+000  +0.000E+000  +2.108E-029  +0.000E+000
+5.000E+000  +1.959E-057  +0.000E+000  +1.498E-045  +0.000E+000  +6.806E-046  +0.000E+000  -1.221E-047  +0.000E+000  +6.105E-048  +0.000E+000  +1.350E-031  +0.000E+000  +5.000E+001  +5.709E-034  +0.000E+000  +1.314E-017  +0.000E+000  -1.416E-028  +0.000E+000  -1.314E-017  +0.000E+000  +1.921E-040  +0.000E+000  -1.921E-040  +0.000E+000  -8.762E-036  +0.000E+000  -3.701E-034  +0.000E+000  +3.720E-034  +0.000E+000  +4.795E-020  +0.000E+000  -8.771E-043  +0.000E+000  -8.853E-043  +0.000E+000  +7.825E-036  +0.000E+000  +4.795E-020  +0.000E+000  +5.768E-031  +0.000E+000  +0.000E+000  +0.000E+000  +0.000E+000  +0.000E+000  +2.243E-019  +0.000E+000
+6.000E+000  +2.011E-037  +0.000E+000  +8.572E-051  +0.000E+000  -2.375E-038  +0.000E+000  -2.795E-052  +0.000E+000  +8.194E-040  +0.000E+000  +1.836E-023  +0.000E+000  +5.000E+001  +6.966E-027  +0.000E+000  +1.348E-009  +0.000E+000  +1.900E-020  +0.000E+000  -1.348E-009  +0.000E+000  -6.750E-034  +0.000E+000  -1.900E-020  +0.000E+000  -6.984E-027  +0.000E+000  -2.691E-026  +0.000E+000  -4.003E-027  +0.000E+000  +5.973E-012  +0.000E+000  +7.742E-023  +0.000E+000  +0.000E+000  +0.000E+000  +2.555E-028  +0.000E+000  +5.973E-012  +0.000E+000  -2.750E-037  +0.000E+000  +0.000E+000  +0.000E+000  +0.000E+000  +0.000E+000  -1.462E-012  +0.000E+000
+7.000E+000  +2.108E-031  +0.000E+000  -7.491E-046  +0.000E+000  +3.857E-033  +0.000E+000  +1.718E-033  +0.000E+000  +1.718E-033  +0.000E+000  +2.883E-017  +0.000E+000  +5.000E+001  +6.574E-020  +0.000E+000  +1.584E-003  +0.000E+000  +0.000E+000  +0.000E+000  -1.584E-003  +0.000E+000  +0.000E+000  +0.000E+000  +1.992E-014  +0.000E+000  -3.203E-020  +0.000E+000  -3.568E-020  +0.000E+000  -5.993E-020  +0.000E+000  +8.263E-006  +0.000E+000  +0.000E+000  +0.000E+000  -1.624E-016  +0.000E+000  +1.250E-021  +0.000E+000  +8.263E-006  +0.000E+000  -2.435E-016  +0.000E+000  +0.000E+000  +0.000E+000  +0.000E+000  +0.000E+000  -1.425E-005  +0.000E+000
+8.000E+000  +1.382E-026  +0.000E+000  -2.073E-026  +0.000E+000  +6.059E-028  +0.000E+000  +8.446E-029  +0.000E+000  +8.446E-029  +0.000E+000  +1.145E-012  +0.000E+000  +5.000E+001  +2.899E-025  +0.000E+000  +4.486E+001  +0.000E+000  -1.306E-009  +0.000E+000  -4.486E+001  +0.000E+000  +6.528E-010  +0.000E+000  -6.528E-010  +0.000E+000  +8.107E-016  +0.000E+000  -4.305E-016  +0.000E+000  +8.916E-016  +0.000E+000  +2.696E-001  +0.000E+000  -2.660E-012  +0.000E+000  -2.363E-027  +0.000E+000  -9.754E-019  +0.000E+000  +2.696E-001  +0.000E+000  +2.660E-012  +0.000E+000  +0.000E+000  +0.000E+000  +2.128E-011  +0.000E+000  -5.649E-001  +0.000E+000
+9.000E+000  -7.075E-024  +0.000E+000  -2.830E-023  +0.000E+000  +1.566E-024  +0.000E+000  +1.441E-025  +0.000E+000  -2.883E-026  +0.000E+000  +1.499E-009  +0.000E+000  +5.000E+001  -5.883E-012  +0.000E+000  +3.528E+004  +0.000E+000  +6.685E-007  +0.000E+000  -3.528E+004  +0.000E+000  -1.484E-021  +0.000E+000  +6.685E-007  +0.000E+000  -2.513E-012  +0.000E+000  -1.604E-012  +0.000E+000  +2.104E-013  +0.000E+000  +2.421E+002  +0.000E+000  +0.000E+000  +0.000E+000  -2.724E-009  +0.000E+000  -2.497E-014  +0.000E+000  +2.421E+002  +0.000E+000  +6.048E-024  +0.000E+000  -2.179E-008  +0.000E+000  +0.000E+000  +0.000E+000  -5.027E+002  +0.000E+000
+1.000E+001  -1.132E-022  +0.000E+000  +1.698E-022  +0.000E+000  +1.180E-022  +0.000E+000  +1.384E-024  +0.000E+000  +1.845E-024  +0.000E+000  +1.291E-008  +0.000E+000  +5.000E+001  -6.079E-011  +0.000E+000  -5.127E+005  +0.000E+000  +2.612E-020  +0.000E+000  +5.127E+005  +0.000E+000  +0.000E+000  +0.000E+000  +9.737E-020  +0.000E+000  +1.123E-010  +0.000E+000  +3.914E-011  +0.000E+000  +9.693E-011  +0.000E+000  -3.379E+003  +0.000E+000  +0.000E+000  +0.000E+000  +4.358E-008  +0.000E+000  -9.428E-013  +0.000E+000  -3.379E+003  +0.000E+000  +4.358E-008  +0.000E+000  +0.000E+000  +0.000E+000  +0.000E+000  +0.000E+000  +7.214E+003  +0.000E+000
+1.100E+001  -1.811E-021  +0.000E+000  -1.811E-021  +0.000E+000  +1.103E-021  +0.000E+000  +3.690E-023  +0.000E+000  +7.380E-024  +0.000E+000  -1.481E-007  +0.000E+000  +5.000E+001  -1.224E-009  +0.000E+000  +5.059E+006  +0.000E+000  +7.600E-020  +0.000E+000  -5.059E+006  +0.000E+000  -1.140E-019  +0.000E+000  +4.278E-005  +0.000E+000  -1.755E-010  +0.000E+000  -4.100E-010  +0.000E+000  -4.986E-010  +0.000E+000  +3.641E+004  +0.000E+000  -3.487E-007  +0.000E+000  +3.487E-007  +0.000E+000  -5.881E-012  +0.000E+000  +3.641E+004  +0.000E+000  +3.097E-022  +0.000E+000  -2.789E-006  +0.000E+000  +0.000E+000  +0.000E+000  -7.292E+004  +0.000E+000
+1.200E+001  -1.268E-020  +0.000E+000  +1.811E-021  +0.000E+000  +8.053E-021  +0.000E+000  +5.904E-023  +0.000E+000  -1.181E-022  +0.000E+000  +1.896E-008  +0.000E+000  +5.000E+001  +2.008E-009  +0.000E+000  -1.774E+007  +0.000E+000  -1.711E-004  +0.000E+000  +1.774E+007  +0.000E+000  +1.672E-018  +0.000E+000  +1.711E-004  +0.000E+000  -2.564E-009  +0.000E+000  -2.407E-009  +0.000E+000  -3.407E-009  +0.000E+000  -1.331E+005  +0.000E+000  +1.239E-021  +0.000E+000  +8.671E-021  +0.000E+000  +1.330E-011  +0.000E+000  -1.331E+005  +0.000E+000  +2.789E-006  +0.000E+000  +0.000E+000  +0.000E+000  +0.000E+000  +0.000E+000  +2.593E+005  +0.000E+000
+1.300E+001  +6.882E-020  +0.000E+000  -5.796E-020  +0.000E+000  +1.141E-020  +0.000E+000  +3.542E-022  +0.000E+000  +5.904E-023  +0.000E+000  +7.344E-007  +0.000E+000  +5.000E+001  +1.882E-008  +0.000E+000  +2.856E+007  +0.000E+000  +3.423E-004  +0.000E+000  -2.856E+007  +0.000E+000  -1.216E-018  +0.000E+000  -3.423E-004  +0.000E+000  +7.713E-010  +0.000E+000  -1.454E-008  +0.000E+000  +1.532E-009  +0.000E+000  +2.168E+005  +0.000E+000  -2.789E-006  +0.000E+000  -5.579E-006  +0.000E+000  -2.250E-011  +0.000E+000  +2.168E+005  +0.000E+000  +1.982E-020  +0.000E+000  +0.000E+000  +0.000E+000  +2.231E-005  +0.000E+000  -4.201E+005  +0.000E+000
+1.400E+001  -1.485E-019  +0.000E+000  +1.376E-019  +0.000E+000  +3.863E-020  +0.000E+000  -1.210E-021  +0.000E+000  -9.742E-022  +0.000E+000  -1.774E-006  +0.000E+000  +5.000E+001  +2.573E-008  +0.000E+000  -2.691E+007  +0.000E+000  -3.423E-004  +0.000E+000  +2.691E+007  +0.000E+000  -2.432E-018  +0.000E+000  +3.423E-004  +0.000E+000  +6.506E-010  +0.000E+000  -3.194E-009  +0.000E+000  +1.813E-008  +0.000E+000  -2.058E+005  +0.000E+000  +2.789E-006  +0.000E+000  -2.789E-006  +0.000E+000  -3.477E-011  +0.000E+000  -2.058E+005  +0.000E+000  +0.000E+000  +0.000E+000  +0.000E+000  +0.000E+000  +0.000E+000  +0.000E+000  +3.986E+005  +0.000E+000
+1.500E+001  +3.043E-019  +0.000E+000  -1.721E-019  +0.000E+000  -9.288E-020  +0.000E+000  +1.048E-021  +0.000E+000  +2.435E-021  +0.000E+000  +2.386E-006  +0.000E+000  +5.000E+001  +1.700E-008  +0.000E+000  +1.195E+007  +0.000E+000  +1.711E-004  +0.000E+000  -1.195E+007  +0.000E+000  +0.000E+000  +0.000E+000  -1.711E-004  +0.000E+000  -4.432E-008  +0.000E+000  +2.750E-008  +0.000E+000  +1.926E-008  +0.000E+000  +9.236E+004  +0.000E+000  +0.000E+000  +0.000E+000  +3.964E-020  +0.000E+000  +2.224E-010  +0.000E+000  +9.236E+004  +0.000E+000  +7.928E-020  +0.000E+000  +0.000E+000  +0.000E+000  +0.000E+000  +0.000E+000  -1.800E+005  +0.000E+000
+1.600E+001  -2.671E-019  +0.000E+000  -2.454E-019  +0.000E+000  -8.715E-020  +0.000E+000  +2.745E-021  +0.000E+000  -2.155E-021  +0.000E+000  -2.120E-006  +0.000E+000  +5.000E+001  +3.994E-008  +0.000E+000  +5.767E+006  +0.000E+000  -1.459E-017  +0.000E+000  -5.767E+006  +0.000E+000  +4.864E-018  +0.000E+000  +4.864E-018  +0.000E+000  +4.422E-008  +0.000E+000  +1.270E-007  +0.000E+000  +3.756E-008  +0.000E+000  +4.312E+004  +0.000E+000  -3.964E-020  +0.000E+000  -3.964E-020  +0.000E+000  +5.147E-010  +0.000E+000  +4.312E+004  +0.000E+000  +7.928E-020  +0.000E+000  +0.000E+000  +0.000E+000  +0.000E+000  +0.000E+000  -8.117E+004  +0.000E+000
+1.700E+001  -2.988E-019  +0.000E+000  -1.250E-019  +0.000E+000  +1.288E-019  +0.000E+000  +1.063E-021  +0.000E+000  +4.428E-022  +0.000E+000  +1.216E-006  +0.000E+000  +5.000E+001  -1.293E-008  +0.000E+000  -1.398E+007  +0.000E+000  +0.000E+000  +0.000E+000  +1.398E+007  +0.000E+000  +4.864E-018  +0.000E+000  +1.711E-004  +0.000E+000  +2.209E-008  +0.000E+000  +1.248E-008  +0.000E+000  -2.818E-008  +0.000E+000  -1.064E+005  +0.000E+000  +0.000E+000  +0.000E+000  +3.964E-020  +0.000E+000  +8.929E-010  +0.000E+000  -1.064E+005  +0.000E+000  +0.000E+000  +0.000E+000  +2.231E-005  +0.000E+000  +0.000E+000  +0.000E+000  +2.038E+005  +0.000E+000
+1.800E+001  -1.757E-019  +0.000E+000  -3.713E-019  +0.000E+000  +2.056E-019  +0.000E+000  -1.572E-021  +0.000E+000  +6.126E-022  +0.000E+000  -3.588E-007  +0.000E+000  +5.000E+001  -5.854E-008  +0.000E+000  +1.007E+007  +0.000E+000  +8.556E-005  +0.000E+000  -1.007E+007  +0.000E+000  +0.000E+000  +0.000E+000  -9.727E-018  +0.000E+000  -9.416E-009  +0.000E+000  -9.346E-008  +0.000E+000  +1.331E-008  +0.000E+000  +7.628E+004  +0.000E+000  +3.964E-020  +0.000E+000  -2.092E-006  +0.000E+000  -3.682E-011  +0.000E+000  +7.628E+004  +0.000E+000  -6.973E-007  +0.000E+000  -1.116E-005  +0.000E+000  +0.000E+000  +0.000E+000  -1.471E+005  +0.000E+000
+1.900E+001  -6.393E-019  +0.000E+000  +8.603E-021  +0.000E+000  +2.241E-019  +0.000E+000  +2.506E-021  +0.000E+000  -3.672E-022  +0.000E+000  -7.316E-009  +0.000E+000  +5.000E+001  -1.536E-007  +0.000E+000  -2.592E+006  +0.000E+000  +4.278E-005  +0.000E+000  +2.592E+006  +0.000E+000  -6.080E-019  +0.000E+000  +4.278E-005  +0.000E+000  +1.262E-007  +0.000E+000  -1.021E-008  +0.000E+000  +1.260E-007  +0.000E+000  -1.763E+004  +0.000E+000  +0.000E+000  +0.000E+000  +5.230E-007  +0.000E+000  -3.347E-010  +0.000E+000  -1.763E+004  +0.000E+000  -1.982E-020  +0.000E+000  +0.000E+000  +0.000E+000  +0.000E+000  +0.000E+000  +3.503E+004  +0.000E+000
+2.000E+001  -3.697E-019  +0.000E+000  -2.238E-019  +0.000E+000  +1.739E-019  +0.000E+000  +1.377E-021  +0.000E+000  -1.976E-021  +0.000E+000  +1.167E-008  +0.000E+000  +5.000E+001  +7.003E-008  +0.000E+000  +5.411E+005  +0.000E+000  +0.000E+000  +0.000E+000  -5.411E+005  +0.000E+000  +5.348E-006  +0.000E+000  -5.348E-006  +0.000E+000  -1.390E-007  +0.000E+000  +6.784E-008  +0.000E+000  -1.054E-008  +0.000E+000  +6.414E+002  +0.000E+000  +0.000E+000  +0.000E+000  +5.448E-009  +0.000E+000  +8.534E-010  +0.000E+000  +6.414E+002  +0.000E+000  +0.000E+000  +0.000E+000  +0.000E+000  +0.000E+000  +0.000E+000  +0.000E+000  -1.980E+003  +0.000E+000
+2.100E+001  +4.109E-019  +0.000E+000  -1.080E-019  +0.000E+000  -1.099E-019  +0.000E+000  +2.686E-021  +0.000E+000  +4.531E-021  +0.000E+000  -3.447E-008  +0.000E+000  +5.000E+001  -3.286E-008  +0.000E+000  -1.164E+006  +0.000E+000  -1.070E-005  +0.000E+000  +1.164E+006  +0.000E+000  +0.000E+000  +0.000E+000  +3.209E-005  +0.000E+000  +1.786E-009  +0.000E+000  +9.374E-009  +0.000E+000  -1.556E-007  +0.000E+000  -5.280E+003  +0.000E+000  +0.000E+000  +0.000E+000  -3.964E-020  +0.000E+000  +1.578E-009  +0.000E+000  -5.280E+003  +0.000E+000  +1.586E-019  +0.000E+000  +6.973E-007  +0.000E+000  +0.000E+000  +0.000E+000  +1.052E+004  +0.000E+000
+2.200E+001  +5.381E-019  +0.000E+000  -3.746E-019  +0.000E+000  -1.916E-020  +0.000E+000  +6.476E-022  +0.000E+000  -3.402E-021  +0.000E+000  +5.609E-008  +0.000E+000  +5.000E+001  +1.332E-007  +0.000E+000  +8.289E+005  +0.000E+000  -9.727E-018  +0.000E+000  -8.289E+005  +0.000E+000  +9.727E-018  +0.000E+000  -1.070E-005  +0.000E+000  -3.721E-008  +0.000E+000  +1.059E-007  +0.000E+000  -8.366E-008  +0.000E+000  +3.728E+003  +0.000E+000  -2.973E-020  +0.000E+000  -1.982E-020  +0.000E+000  -7.437E-010  +0.000E+000  +3.728E+003  +0.000E+000  +4.358E-008  +0.000E+000  +0.000E+000  +0.000E+000  +0.000E+000  +0.000E+000  -7.261E+003  +0.000E+000
+2.300E+001  +4.524E-019  +0.000E+000  +2.978E-019  +0.000E+000  +6.212E-020  +0.000E+000  +2.427E-021  +0.000E+000  +7.099E-021  +0.000E+000  -5.877E-008  +0.000E+000  +5.000E+001  +8.925E-008  +0.000E+000  -3.133E+005  +0.000E+000  +2.674E-006  +0.000E+000  +3.133E+005  +0.000E+000  +2.674E-006  +0.000E+000  -2.674E-006  +0.000E+000  -1.290E-007  +0.000E+000  -2.265E-007  +0.000E+000  -1.790E-007  +0.000E+000  -1.366E+003  +0.000E+000  +3.964E-020  +0.000E+000  -1.189E-019  +0.000E+000  +5.479E-010  +0.000E+000  -1.366E+003  +0.000E+000  -2.179E-008  +0.000E+000  +0.000E+000  +0.000E+000  +0.000E+000  +0.000E+000  +2.675E+003  +0.000E+000
+2.400E+001  +5.718E-019  +0.000E+000  +2.358E-020  +0.000E+000  +4.551E-019  +0.000E+000  +5.558E-021  +0.000E+000  +3.850E-021  +0.000E+000  +4.037E-008  +0.000E+000  +5.000E+001  +7.155E-008  +0.000E+000  -5.009E+004  +0.000E+000  -1.945E-017  +0.000E+000  +5.009E+004  +0.000E+000  -1.337E-006  +0.000E+000  -6.685E-007  +0.000E+000  +2.280E-007  +0.000E+000  -7.009E-008  +0.000E+000  +7.207E-008  +0.000E+000  -1.455E+002  +0.000E+000  +1.362E-009  +0.000E+000  -1.362E-009  +0.000E+000  +1.084E-010  +0.000E+000  -1.455E+002  +0.000E+000  -4.086E-009  +0.000E+000  +0.000E+000  +0.000E+000  +6.973E-007  +0.000E+000  +4.324E+002  +0.000E+000
+2.500E+001  -3.341E-019  +0.000E+000  +5.242E-020  +0.000E+000  -1.368E-019  +0.000E+000  -6.044E-021  +0.000E+000  -7.813E-022  +0.000E+000  -1.732E-008  +0.000E+000  +5.000E+001  +3.624E-008  +0.000E+000  +1.193E+005  +0.000E+000  +1.337E-006  +0.000E+000  -1.193E+005  +0.000E+000  +3.648E-018  +0.000E+000  -2.432E-018  +0.000E+000  -9.557E-008  +0.000E+000  +2.540E-007  +0.000E+000  +1.420E-007  +0.000E+000  +4.181E+002  +0.000E+000  -5.448E-009  +0.000E+000  -1.586E-019  +0.000E+000  +1.871E-010  +0.000E+000  +4.181E+002  +0.000E+000  +1.982E-020  +0.000E+000  +0.000E+000  +0.000E+000  +0.000E+000  +0.000E+000  -9.999E+002  +0.000E+000
+2.600E+001  +1.450E-019  +0.000E+000  +3.863E-019  +0.000E+000  +1.899E-019  +0.000E+000  -1.099E-021  +0.000E+000  -4.231E-022  +0.000E+000  +1.916E-009  +0.000E+000  +5.000E+001  +5.530E-008  +0.000E+000  -3.624E+004  +0.000E+000  -9.727E-018  +0.000E+000  +3.624E+004  +0.000E+000  +0.000E+000  +0.000E+000  +4.864E-018  +0.000E+000  +1.924E-009  +0.000E+000  -4.307E-008  +0.000E+000  +2.428E-008  +0.000E+000  -1.289E+002  +0.000E+000  -1.362E-009  +0.000E+000  +2.724E-009  +0.000E+000  +1.401E-010  +0.000E+000  -1.289E+002  +0.000E+000  +1.982E-020  +0.000E+000  +2.179E-008  +0.000E+000  +0.000E+000  +0.000E+000  +2.941E+002  +0.000E+000
+2.700E+001  +1.197E-019  +0.000E+000  +4.878E-020  +0.000E+000  -3.816E-020  +0.000E+000  -2.603E-021  +0.000E+000  -5.919E-022  +0.000E+000  -2.439E-011  +0.000E+000  +5.000E+001  +2.725E-008  +0.000E+000  +4.582E+003  +0.000E+000  +1.671E-007  +0.000E+000  -4.582E+003  +0.000E+000  -4.178E-008  +0.000E+000  -8.356E-008  +0.000E+000  -2.487E-007  +0.000E+000  -7.686E-008  +0.000E+000  -4.042E-008  +0.000E+000  +6.525E+001  +0.000E+000  +1.362E-009  +0.000E+000  -6.810E-010  +0.000E+000  +1.750E-009  +0.000E+000  +6.525E+001  +0.000E+000  +6.810E-010  +0.000E+000  +1.362E-009  +0.000E+000  +1.362E-009  +0.000E+000  -5.110E+001  +0.000E+000
+2.800E+001  +2.163E-020  +0.000E+000  +1.685E-019  +0.000E+000  +1.655E-019  +0.000E+000  -4.585E-021  +0.000E+000  +3.320E-021  +0.000E+000  -3.839E-011  +0.000E+000  +5.000E+001  -2.530E-007  +0.000E+000  -4.271E+003  +0.000E+000  +8.356E-008  +0.000E+000  +4.271E+003  +0.000E+000  +4.178E-008  +0.000E+000  -1.671E-007  +0.000E+000  -1.280E-007  +0.000E+000  -6.466E-008  +0.000E+000  +1.832E-007  +0.000E+000  -4.179E+001  +0.000E+000  -2.043E-009  +0.000E+000  +2.378E-019  +0.000E+000  +4.122E-009  +0.000E+000  -4.179E+001  +0.000E+000  +7.928E-020  +0.000E+000  -6.810E-010  +0.000E+000  +4.086E-009  +0.000E+000  +4.063E+001  +0.000E+000
+2.900E+001  +2.033E-019  +0.000E+000  +1.613E-019  +0.000E+000  +1.407E-019  +0.000E+000  +4.961E-021  +0.000E+000  +2.618E-021  +0.000E+000  -1.258E-011  +0.000E+000  +5.000E+001  -1.549E-007  +0.000E+000  -3.871E+003  +0.000E+000  -2.507E-007  +0.000E+000  +3.871E+003  +0.000E+000  +8.356E-008  +0.000E+000  -2.432E-018  +0.000E+000  +8.221E-008  +0.000E+000  +7.872E-008  +0.000E+000  +9.473E-008  +0.000E+000  -7.747E+001  +0.000E+000  +7.928E-020  +0.000E+000  +2.724E-009  +0.000E+000  +1.800E-009  +0.000E+000  -7.747E+001  +0.000E+000  -3.405E-009  +0.000E+000  -3.745E-009  +0.000E+000  +1.362E-009  +0.000E+000  +4.793E+001  +0.000E+000
+3.000E+001  -2.742E-019  +0.000E+000  -8.403E-020  +0.000E+000  -1.268E-019  +0.000E+000  +2.420E-021  +0.000E+000  -1.355E-021  +0.000E+000  +1.042E-010  +0.000E+000  +5.000E+001  +1.024E-008  +0.000E+000  -4.351E+003  +0.000E+000  -1.253E-007  +0.000E+000  +4.351E+003  +0.000E+000  +1.253E-007  +0.000E+000  -4.178E-008  +0.000E+000  +4.695E-008  +0.000E+000  -8.292E-008  +0.000E+000  -1.253E-007  +0.000E+000  -4.998E+001  +0.000E+000  +6.810E-010  +0.000E+000  -2.043E-009  +0.000E+000  -3.637E-010  +0.000E+000  -4.998E+001  +0.000E+000  -1.362E-009  +0.000E+000  +0.000E+000  +0.000E+000  +0.000E+000  +0.000E+000  +2.213E+001  +0.000E+000
+3.100E+001  +9.341E-020  +0.000E+000  -2.708E-019  +0.000E+000  +4.169E-019  +0.000E+000  +1.382E-021  +0.000E+000  -4.711E-022  +0.000E+000  +4.319E-011  +0.000E+000  +5.000E+001  -4.692E-008  +0.000E+000  +2.567E+003  +0.000E+000  -4.178E-008  +0.000E+000  -2.567E+003  +0.000E+000  +4.178E-008  +0.000E+000  +2.507E-007  +0.000E+000  +2.249E-010  +0.000E+000  +8.716E-008  +0.000E+000  +2.036E-008  +0.000E+000  -3.174E+001  +0.000E+000  +6.810E-010  +0.000E+000  +4.086E-009  +0.000E+000  +1.340E-009  +0.000E+000  -3.174E+001  +0.000E+000  -6.810E-010  +0.000E+000  +6.810E-010  +0.000E+000  +0.000E+000  +0.000E+000  +4.340E+001  +0.000E+000
+3.200E+001  +3.109E-019  +0.000E+000  +6.111E-021  +0.000E+000  -6.631E-020  +0.000E+000  +3.739E-021  +0.000E+000  -2.248E-022  +0.000E+000  -1.224E-010  +0.000E+000  +5.000E+001  +9.614E-008  +0.000E+000  -3.757E+003  +0.000E+000  -1.253E-007  +0.000E+000  +3.757E+003  +0.000E+000  -4.178E-008  +0.000E+000  -2.507E-007  +0.000E+000  +5.909E-008  +0.000E+000  +1.182E-007  +0.000E+000  -2.402E-008  +0.000E+000  +5.868E+001  +0.000E+000  -6.810E-010  +0.000E+000  +2.043E-009  +0.000E+000  +7.129E-010  +0.000E+000  +5.868E+001  +0.000E+000  +2.043E-009  +0.000E+000  +0.000E+000  +0.000E+000  +0.000E+000  +0.000E+000  -8.953E+001  +0.000E+000
+3.300E+001  -1.522E-019  +0.000E+000  -1.710E-019  +0.000E+000  +3.247E-019  +0.000E+000  +7.419E-021  +0.000E+000  +9.184E-022  +0.000E+000  +3.725E-010  +0.000E+000  +5.000E+001  +1.742E-007  +0.000E+000  +6.085E+003  +0.000E+000  +0.000E+000  +0.000E+000  -6.085E+003  +0.000E+000  +8.356E-008  +0.000E+000  +0.000E+000  +0.000E+000  +1.624E-008  +0.000E+000  -4.088E-008  +0.000E+000  -1.841E-007  +0.000E+000  -1.079E+000  +0.000E+000  +2.543E-009  +0.000E+000  -3.618E-010  +0.000E+000  -3.616E-010  +0.000E+000  -1.079E+000  +0.000E+000  +5.639E-010  +0.000E+000  +0.000E+000  +0.000E+000  -5.448E-009  +0.000E+000  +4.481E+001  +0.000E+000
+3.400E+001  -1.963E-019  +0.000E+000  -2.884E-020  +0.000E+000  +7.323E-020  +0.000E+000  +1.068E-021  +0.000E+000  -1.115E-021  +0.000E+000  -4.911E-010  +0.000E+000  +5.000E+001  +3.841E-008  +0.000E+000  +1.165E+003  +0.000E+000  -1.567E-007  +0.000E+000  -1.165E+003  +0.000E+000  -2.089E-008  +0.000E+000  -1.044E-007  +0.000E+000  +1.697E-007  +0.000E+000  +6.262E-008  +0.000E+000  -2.227E-008  +0.000E+000  +3.684E+001  +0.000E+000  +2.043E-009  +0.000E+000  -2.383E-009  +0.000E+000  +8.424E-010  +0.000E+000  +3.684E+001  +0.000E+000  +1.021E-009  +0.000E+000  -5.448E-009  +0.000E+000  +0.000E+000  +0.000E+000  -2.543E+001  +0.000E+000
+3.500E+001  -2.042E-019  +0.000E+000  +5.253E-020  +0.000E+000  -4.450E-020  +0.000E+000  -3.475E-022  +0.000E+000  -1.483E-021  +0.000E+000  +3.672E-010  +0.000E+000  +5.000E+001  -7.822E-008  +0.000E+000  -1.733E+003  +0.000E+000  +4.178E-008  +0.000E+000  +1.733E+003  +0.000E+000  -6.267E-008  +0.000E+000  -1.044E-007  +0.000E+000  +1.786E-008  +0.000E+000  +9.032E-008  +0.000E+000  +1.591E-007  +0.000E+000  +5.186E+001  +0.000E+000  +6.810E-010  +0.000E+000  -3.405E-009  +0.000E+000  +2.850E-009  +0.000E+000  +5.186E+001  +0.000E+000  +7.928E-020  +0.000E+000  +0.000E+000  +0.000E+000  -5.448E-009  +0.000E+000  -5.757E+001  +0.000E+000
+3.600E+001  +1.726E-020  +0.000E+000  +5.082E-019  +0.000E+000  -3.069E-019  +0.000E+000  +3.529E-021  +0.000E+000  +1.229E-022  +0.000E+000  -1.941E-010  +0.000E+000  +5.000E+001  +4.478E-008  +0.000E+000  +5.573E+003  +0.000E+000  -8.356E-008  +0.000E+000  -5.573E+003  +0.000E+000  +0.000E+000  +0.000E+000  -8.356E-008  +0.000E+000  +1.818E-008  +0.000E+000  +5.008E-009  +0.000E+000  -6.551E-008  +0.000E+000  -9.578E+000  +0.000E+000  +2.043E-009  +0.000E+000  -1.702E-010  +0.000E+000  -4.212E-010  +0.000E+000  -9.578E+000  +0.000E+000  -4.256E-010  +0.000E+000  -2.724E-009  +0.000E+000  +8.172E-009  +0.000E+000  +5.608E+001  +0.000E+000
+3.700E+001  +1.116E-019  +0.000E+000  +7.348E-019  +0.000E+000  -2.749E-019  +0.000E+000  +5.769E-021  +0.000E+000  -4.165E-021  +0.000E+000  -4.039E-011  +0.000E+000  +5.000E+001  +5.483E-008  +0.000E+000  -1.857E+003  +0.000E+000  +4.178E-008  +0.000E+000  +1.857E+003  +0.000E+000  -9.727E-018  +0.000E+000  +2.089E-008  +0.000E+000  -3.602E-008  +0.000E+000  -2.600E-008  +0.000E+000  -4.818E-008  +0.000E+000  +4.155E+001  +0.000E+000  +1.362E-009  +0.000E+000  +6.810E-010  +0.000E+000  -9.096E-010  +0.000E+000  +4.155E+001  +0.000E+000  -6.810E-010  +0.000E+000  -6.810E-010  +0.000E+000  +3.405E-009  +0.000E+000  -4.685E+001  +0.000E+000
+3.800E+001  +8.997E-020  +0.000E+000  +1.763E-019  +0.000E+000  -2.015E-019  +0.000E+000  +3.784E-021  +0.000E+000  +2.551E-021  +0.000E+000  +3.786E-011  +0.000E+000  +5.000E+001  +4.559E-008  +0.000E+000  +1.181E+003  +0.000E+000  +1.671E-007  +0.000E+000  -1.181E+003  +0.000E+000  -1.149E-007  +0.000E+000  +4.178E-008  +0.000E+000  -1.182E-007  +0.000E+000  -2.390E-008  +0.000E+000  +4.812E-008  +0.000E+000  +1.647E+001  +0.000E+000  +0.000E+000  +0.000E+000  +1.702E-009  +0.000E+000  +9.177E-010  +0.000E+000  +1.647E+001  +0.000E+000  -3.064E-009  +0.000E+000  -6.810E-010  +0.000E+000  +6.810E-010  +0.000E+000  +8.215E-001  +0.000E+000
+3.900E+001  +6.433E-020  +0.000E+000  -2.026E-019  +0.000E+000  +8.470E-020  +0.000E+000  +1.104E-021  +0.000E+000  +1.248E-021  +0.000E+000  -3.762E-011  +0.000E+000  +5.000E+001  +2.877E-008  +0.000E+000  +1.171E+003  +0.000E+000  -3.133E-008  +0.000E+000  -1.171E+003  +0.000E+000  -2.089E-008  +0.000E+000  +7.296E-018  +0.000E+000  -1.772E-009  +0.000E+000  +3.484E-008  +0.000E+000  -2.331E-008  +0.000E+000  +1.595E+001  +0.000E+000  +1.532E-009  +0.000E+000  +5.107E-010  +0.000E+000  +1.089E-009  +0.000E+000  +1.595E+001  +0.000E+000  -6.810E-010  +0.000E+000  +0.000E+000  +0.000E+000  +0.000E+000  +0.000E+000  +1.995E+000  +0.000E+000
+4.000E+001  +2.107E-019  +0.000E+000  +2.836E-019  +0.000E+000  -5.944E-020  +0.000E+000  +5.199E-021  +0.000E+000  +1.981E-021  +0.000E+000  -2.046E-011  +0.000E+000  +5.000E+001  -1.662E-008  +0.000E+000  +7.889E+002  +0.000E+000  +5.222E-008  +0.000E+000  -7.889E+002  +0.000E+000  -1.044E-008  +0.000E+000  +3.133E-008  +0.000E+000  -6.428E-008  +0.000E+000  -2.090E-008  +0.000E+000  +6.130E-009  +0.000E+000  +1.974E+001  +0.000E+000  +8.512E-010  +0.000E+000  +1.702E-010  +0.000E+000  +2.030E-009  +0.000E+000  +1.974E+001  +0.000E+000  -2.554E-009  +0.000E+000  -6.810E-010  +0.000E+000  +1.702E-009  +0.000E+000  -3.387E+000  +0.000E+000
