    58
            1376698818
C    4.4254700    4.5355340    3.6337730       0.0000000    0.0000000    0.0000000
C    3.3360400    3.4981720    3.8153600       0.0000000    0.0000000    0.0000000
C    3.6419510    2.2014510    3.9978470       0.0000000    0.0000000    0.0000000
C    2.6783050    1.2753760    4.1134840       0.0000000    0.0000000    0.0000000
H    2.9820760    0.2222390    4.2366180       0.0000000    0.0000000    0.0000000
C    1.3785070    1.6266350    4.0613990       0.0000000    0.0000000    0.0000000
C    1.0763190    2.9253320    3.9095330       0.0000000    0.0000000    0.0000000
C    2.0384300    3.8504190    3.7865210       0.0000000    0.0000000    0.0000000
H    1.7527770    4.9068160    3.6446740       0.0000000    0.0000000    0.0000000
H    0.0181280    3.2368980    3.8644460       0.0000000    0.0000000    0.0000000
N    0.4040390    0.7942650    4.1273840       0.0000000    0.0000000    0.0000000
N    0.7850650   -0.3990480    4.2379590       0.0000000    0.0000000    0.0000000
C   -0.1865020   -1.2373780    4.2348540       0.0000000    0.0000000    0.0000000
C    0.1188840   -2.5416680    4.3160030       0.0000000    0.0000000    0.0000000
C   -0.8366190   -3.4806790    4.2728390       0.0000000    0.0000000    0.0000000
H   -0.5472070   -4.5443110    4.3239100       0.0000000    0.0000000    0.0000000
C   -2.1308280   -3.1366650    4.1491920       0.0000000    0.0000000    0.0000000
C   -2.4422050   -1.8294670    4.0980630       0.0000000    0.0000000    0.0000000
C   -1.4846350   -0.8906430    4.1341470       0.0000000    0.0000000    0.0000000
H   -1.7908440    0.1666290    4.0639930       0.0000000    0.0000000    0.0000000
H   -3.4966280   -1.5184330    4.0033470       0.0000000    0.0000000    0.0000000
C   -3.2096530   -4.1966230    4.0569900       0.0000000    0.0000000    0.0000000
H    1.1757750   -2.8497180    4.3992620       0.0000000    0.0000000    0.0000000
H    4.6984560    1.8849770    4.0322500       0.0000000    0.0000000    0.0000000
H    3.9625890    5.5250410    3.4200500       0.0000000    0.0000000    0.0000000
H    4.9368890    4.6538190    4.6162660       0.0000000    0.0000000    0.0000000
S    5.6734590    4.1771810    2.3577970       0.0000000    0.0000000    0.0000000
C    4.6492600    4.1783730    0.8516450       0.0000000    0.0000000    0.0000000
H    4.0613590    5.1219910    0.8029200       0.0000000    0.0000000    0.0000000
H    5.3151300    4.1951790   -0.0411260       0.0000000    0.0000000    0.0000000
C    3.7265390    2.9861690    0.7068940       0.0000000    0.0000000    0.0000000
C    2.3970750    3.1471960    0.5878550       0.0000000    0.0000000    0.0000000
C    1.5793170    2.0860640    0.5229620       0.0000000    0.0000000    0.0000000
H    0.4938970    2.2701370    0.4551290       0.0000000    0.0000000    0.0000000
H    1.9620440    4.1611780    0.5706420       0.0000000    0.0000000    0.0000000
C    4.2220520    1.7363930    0.7197330       0.0000000    0.0000000    0.0000000
H    5.3097990    1.5745690    0.8104270       0.0000000    0.0000000    0.0000000
C    3.4042010    0.6769050    0.6563680       0.0000000    0.0000000    0.0000000
H    3.8328640   -0.3395720    0.6978580       0.0000000    0.0000000    0.0000000
C    2.0742620    0.8337310    0.5718510       0.0000000    0.0000000    0.0000000
N    1.3505320   -0.2254590    0.5732180       0.0000000    0.0000000    0.0000000
N    0.1197760    0.0233960    0.5079660       0.0000000    0.0000000    0.0000000
C   -0.6082700   -1.0265260    0.6230950       0.0000000    0.0000000    0.0000000
C   -0.1186940   -2.2677570    0.8111190       0.0000000    0.0000000    0.0000000
C   -0.9454710   -3.3094920    0.9850030       0.0000000    0.0000000    0.0000000
H   -0.5164780   -4.3107220    1.1616850       0.0000000    0.0000000    0.0000000
H    0.9676670   -2.4540860    0.8527200       0.0000000    0.0000000    0.0000000
C   -1.9398400   -0.8657670    0.5843290       0.0000000    0.0000000    0.0000000
H   -2.3641790    0.1418380    0.4315810       0.0000000    0.0000000    0.0000000
C   -2.7665890   -1.9060810    0.7563140       0.0000000    0.0000000    0.0000000
H   -3.8570430   -1.7379090    0.7403490       0.0000000    0.0000000    0.0000000
C   -2.2791180   -3.1390410    0.9794690       0.0000000    0.0000000    0.0000000
C   -3.2173970   -4.2978980    1.2449620       0.0000000    0.0000000    0.0000000
H   -2.6331770   -5.2330610    1.3952240       0.0000000    0.0000000    0.0000000
H   -3.8130510   -4.4636530    0.3184380       0.0000000    0.0000000    0.0000000
S   -4.3540640   -4.0591710    2.6480020       0.0000000    0.0000000    0.0000000
H   -3.7953670   -4.1560990    5.0036280       0.0000000    0.0000000    0.0000000
H   -2.7380630   -5.2048180    4.0437540       0.0000000    0.0000000    0.0000000
unit angstrom
states   3
charge   0
dt    20.670687
step       0
retain       3
H
DM
GRAD   3
 
 
