304
Initial condition ICOND_00000/
C 0.01724515 0.01406483 -0.04028205
S -2.01254877 1.84662415 1.61130840
H 0.12177534 0.30511325 -2.11890982
H 0.90230198 -1.72757999 0.73443120
O 4.02646683 1.83587697 -4.43366168
H 2.67779595 2.60224380 -3.50413006
H 3.42240137 0.17593129 -4.82167383
O 4.50305922 0.31726874 5.41885502
H 3.33003986 0.20927432 4.04667657
H 3.71136634 1.42993603 6.60501366
O 2.13399493 -2.74433449 -4.83777130
H 3.29954503 -3.79772808 -5.73399683
H 0.99567971 -3.90332312 -4.04254714
O -1.84663520 -4.90764971 -2.67632674
H -3.36661696 -4.83790706 -1.69971869
H -1.07093925 -6.46716525 -2.19373202
O -5.91802022 0.41443580 -3.16928361
H -7.18616321 0.84858845 -4.38356949
H -5.70540129 1.91427260 -2.18090918
O 0.67822103 5.51401831 -3.61468872
H 1.00459941 7.29048939 -3.51749357
H -0.77283877 5.37818605 -4.68497643
O -6.69962099 -3.85402588 -0.53747700
H -8.29088736 -4.55470317 -1.03555458
H -6.60767097 -2.27328436 -1.41150994
O 0.16160387 -4.14561857 5.92921632
H 1.61223159 -4.96225356 5.22168632
H -1.22771571 -5.20481610 5.46051859
O -3.29186646 -1.34521036 -7.98702541
H -1.85974664 -1.71269484 -6.94506577
H -3.62395223 0.40890347 -7.69763040
O 5.95555147 5.90026233 0.20651724
H 5.84857198 7.68244820 0.49570873
H 4.82966243 5.59775044 -1.17618594
O -4.83293604 -6.29480573 3.44196145
H -6.11480169 -7.56939801 3.41569205
H -5.32795572 -5.12944578 2.15114350
O -1.24855573 -0.21481299 8.94580362
H -0.85100839 -1.56635462 7.81138884
H 0.31797716 0.66009798 9.17384840
O -0.08099075 9.21576123 1.71784594
H 0.39966497 10.94025789 1.46058043
H 0.29570260 8.40149635 0.14726144
O -5.63880929 7.16621498 3.64235570
H -3.98494307 6.80172066 3.00702830
H -5.61181678 8.94261524 3.98190302
O -6.96356736 4.97073491 -1.05632503
H -8.61054244 5.70488173 -1.19511984
H -6.22124921 5.79161138 0.37440534
O 6.19270340 6.03435163 5.56510159
H 4.89929454 7.19996823 6.05081614
H 5.56220337 5.26285818 4.05572742
O 4.16199566 -6.57720572 4.18475481
H 3.85613676 -7.67801094 5.58660045
H 4.88900368 -7.64528936 2.92001710
O 8.18983093 -5.06557197 -0.80148758
H 8.05178578 -3.82792285 0.51041270
H 9.16449979 -4.25268719 -2.08982766
O 7.33732400 -0.26644352 -7.72923396
H 6.61465292 -1.81816504 -8.31213895
H 6.09996907 0.41242170 -6.59800162
O -9.96415735 -0.83218944 2.54403356
H -8.51170669 -1.79459703 2.06288475
H -9.30198747 0.50955503 3.56047992
O 8.89551016 -1.66046027 2.92167334
H 9.42968586 0.05140266 3.15453038
H 7.69142603 -1.94323272 4.24122098
O 1.18531581 7.37814088 6.57104065
H 0.72811700 8.02210588 4.94381490
H -0.34213334 7.46100761 7.53605291
O -3.61234797 -8.04538264 -6.73714619
H -4.74952485 -8.81579649 -5.56025155
H -3.46138451 -6.33529042 -6.16739404
O 4.73810020 6.51803008 -8.07129612
H 3.34644501 7.64438669 -8.32760721
H 4.08932369 5.24172946 -6.96611601
O 6.29137121 -3.25122540 8.77361821
H 5.45589563 -2.27058149 7.50474838
H 7.54870245 -2.14127888 9.45008346
O -2.82987701 4.23226635 -8.26594898
H -3.07476263 4.25031599 -10.05791093
H -3.76157654 5.66222433 -7.66739908
O -6.16241129 -0.89043378 7.98264088
H -6.91533557 0.72227151 7.66254777
H -4.45343780 -0.50951275 8.42817439
O 5.86340795 -9.25802684 0.00868165
H 5.54226243 -10.22160107 -1.48801621
H 6.43369070 -7.65308817 -0.59979183
O 2.73038417 3.26394798 9.18678014
H 4.20901794 3.33942819 10.22582324
H 2.45642635 4.97385468 8.66464514
O -7.68926774 3.63617906 6.96988278
H -6.90025723 4.79558437 5.82759535
H -9.03145166 4.58581500 7.72354154
O 10.20430241 3.26013652 3.77273253
H 9.31085990 4.41402677 4.84141138
H 9.54397582 3.57126995 2.11824409
O -7.97212456 -3.17974848 -8.63942126
H -6.22511560 -2.83351300 -8.32377816
H -7.98907954 -3.97954524 -10.26137702
O -4.38228841 8.09830478 -5.62280204
H -3.55128745 9.67606394 -5.92468093
H -5.69312319 8.49585194 -4.44174829
O 1.55916529 10.20637402 -3.75431421
H 1.08649323 10.86261756 -5.37162781
H 2.35952592 11.59603220 -2.91825291
O 11.91649005 1.04386133 -3.89804376
H 12.20651892 -0.72568745 -3.66410063
H 10.27600404 1.13789620 -4.65295188
O 5.93298376 -5.00733272 -8.64495990
H 5.01263973 -5.98537820 -9.85614636
H 7.65408303 -5.51637490 -8.86567952
O 0.88250681 -5.69826529 12.01987724
H 2.56705220 -5.64931153 12.67660346
H 1.00823032 -4.91721949 10.39373547
O -1.46069505 -3.29789997 -12.88221005
H -2.05929816 -2.81243087 -11.24635288
H 0.14642452 -2.48282756 -13.03628445
O -8.68571719 -6.96058233 7.20541072
H -7.68298873 -8.33853250 7.81148671
H -7.56275202 -5.54286577 7.22021141
O -3.36437769 6.98164478 9.22454463
H -2.73123584 6.45105956 10.83325855
H -4.91731200 6.07630606 9.02743124
O -3.89113821 1.54367183 12.71962282
H -2.64162019 2.74553105 13.23489490
H -2.98987634 0.37372870 11.67622288
O 11.69152818 5.91949496 -2.57315786
H 11.84078154 4.12520590 -2.74480787
H 10.81503893 6.15302992 -1.00870445
O 5.54719195 10.93629378 2.45036778
H 4.46063400 12.30081412 1.97284886
H 6.81741778 11.70764280 3.48098175
O 2.37663836 0.19134781 -12.80281495
H 1.23489207 1.44537104 -13.43065921
H 3.69565126 1.13816999 -12.00561901
O -7.64303646 -9.67657230 -3.12990543
H -8.91279789 -8.57490231 -3.79758521
H -8.09798570 -9.89183401 -1.39295143
O 1.96410794 -10.14600057 8.13662613
H 1.15643946 -10.44234526 9.72753418
H 0.79021551 -10.76974638 6.90996434
O -2.60101875 -12.74385505 5.17045114
H -3.87088376 -13.30862989 4.01283755
H -3.13840528 -11.08765347 5.65926328
O 12.14015806 -7.60191165 2.48585053
H 10.92779790 -6.76388400 1.43713488
H 12.30572845 -9.24950358 1.75844178
O -3.52829684 -12.42730160 -1.81843647
H -2.65310452 -12.62693190 -3.38867269
H -5.09869974 -11.65229526 -2.27092622
O 14.25461867 -2.95154186 2.97353459
H 12.58811459 -2.37730352 2.56974790
H 14.10332426 -4.75153106 3.06248102
O 6.41207920 -7.91230957 10.50688388
H 6.23704200 -6.42862434 9.48802791
H 5.13730523 -9.03767641 9.89136372
O -10.74253493 -6.42359593 -5.76634115
H -12.43700265 -5.79338853 -5.70891783
H -9.87774819 -5.29475439 -6.88345274
O 7.31458576 3.31357061 11.31709261
H 8.38539788 4.75665053 11.52361275
H 8.15311347 2.30185575 10.07409267
O 6.94031506 3.38265751 -12.43465168
H 8.53968159 2.87112355 -11.76222897
H 6.12342070 4.23238667 -11.06280916
O 8.92118502 7.89915729 9.39355106
H 8.16904675 9.51796888 9.68364010
H 7.81668638 7.09230595 8.21026333
O -14.23131922 0.72389810 -0.63095177
H -15.97747894 0.50583888 -0.21310444
H -13.35133780 -0.35389110 0.52480911
O -8.85894287 -10.20145583 1.65800106
H -7.97083203 -11.74793729 1.95991364
H -10.56930414 -10.56388874 2.11988684
O 2.82731010 13.10778688 7.73089118
H 1.57295981 14.10724862 6.89754398
H 2.73798603 11.49680494 6.91354734
O 5.18682918 -12.20347062 -3.81242762
H 5.26601758 -12.63408565 -5.56650567
H 4.68884148 -13.73639921 -2.99179239
O 9.73645016 9.85028908 -6.14259884
H 9.78386220 8.60678414 -4.82999976
H 8.10572002 9.65002181 -6.89788813
O 12.87631352 -3.92635990 -3.60575831
H 14.63588483 -3.64162704 -3.29932659
H 12.82686827 -5.45276166 -4.57442175
O -10.03964786 -1.64516497 11.80389556
H -10.07516305 0.16154717 11.86851131
H -8.74903504 -2.02873369 10.59783305
O -1.68063962 -13.01748127 -7.10825902
H -1.75845582 -11.36782433 -7.84569236
H -0.57769958 -13.94911988 -8.19731078
O 12.23563644 8.73512553 2.36868756
H 12.56903978 9.87336006 3.73239393
H 10.52721792 9.08815313 1.89190124
O 10.72709177 -0.40817733 9.07665801
H 11.57463900 -0.62863105 10.65931445
H 11.78316471 0.73334254 8.15289729
O -13.47416745 3.98914936 -4.89748693
H -13.83481872 2.81088291 -3.57383850
H -12.39526577 5.21938481 -4.12718082
O 5.65524349 -14.13824594 2.68345312
H 6.08314352 -12.61431106 1.80892431
H 6.05157518 -15.45847618 1.51229018
O -10.95645942 8.47071728 -2.76608839
H -11.71604139 9.26961139 -1.33236157
H -11.82958067 9.16859756 -4.18810555
O 1.87799669 14.03216970 0.31937983
H 2.26866889 15.10358074 -1.08400292
H 1.72080702 15.16325512 1.72106940
O -13.24568875 -4.74789010 6.58926588
H -11.90862688 -5.89658751 6.98710523
H -12.41072621 -3.31440393 5.87133591
O 1.41552690 10.53946594 -9.46919423
H 1.65195462 12.22333878 -10.08541874
H -0.04201863 9.93446084 -10.35211722
O -4.09545586 -6.19995466 13.11508825
H -4.47966275 -4.50552238 13.61799446
H -2.35179912 -6.14651441 12.63822009
O -5.49872973 3.50614489 -13.59853677
H -6.66022952 2.49705125 -12.64750354
H -5.75440454 2.99470905 -15.31449604
O 4.62748496 -1.14348596 15.33185973
H 4.31698305 -0.13611579 13.86205558
H 4.75832400 0.05334214 16.68153102
O -1.82811096 -8.73083977 -13.06639425
H -3.05105808 -8.30801885 -11.80266010
H -0.30745007 -7.92271217 -12.51326200
O 15.53972475 1.90853737 3.53287386
H 13.96993863 2.61578218 4.08345382
H 15.18660511 0.15081911 3.29804222
O -1.39202379 -16.05702545 1.37632811
H -1.13704500 -15.25019365 2.97492917
H -1.67305481 -14.69410288 0.22165774
O -5.51997091 -9.83408893 9.68823643
H -5.99946422 -11.42687182 10.39704075
H -5.24694444 -8.76343560 11.11851019
O -0.61570797 5.32479056 13.91248735
H 0.81822063 4.77931580 14.87068183
H -0.74506193 7.09529711 14.25958522
O -14.29055082 3.79363396 5.59821535
H -14.54119147 2.20610245 4.76874745
H -13.44210275 4.81632303 4.37127354
O -6.27676675 -5.60599794 -12.59853940
H -4.74359292 -4.98985026 -13.33430331
H -7.08588296 -6.51745273 -13.93505151
O -9.03438740 -9.53332807 -9.32886493
H -7.31419424 -9.01849302 -9.54729671
H -9.62860743 -8.54677675 -7.93545260
O 3.58194723 -8.30546094 -12.15421980
H 3.02051458 -8.08249763 -13.85908573
H 4.12621777 -10.02837417 -12.07903562
O -13.86372602 -0.14583928 -8.48773926
H -15.17616961 0.84531855 -9.24029340
H -13.56968790 0.63614016 -6.88356097
O -10.28970524 2.12932392 -11.58875704
H -10.10971247 1.03495919 -13.01705067
H -11.12277660 1.11576519 -10.34427318
O -4.67550734 11.54228076 -10.22816861
H -5.85348714 12.90981540 -10.33221048
H -5.69844732 10.08746653 -9.90215782
O -6.64291494 13.54646148 3.26815523
H -6.97784328 14.64217803 1.86894477
H -4.92681662 13.89721917 3.71705795
O -5.27986956 13.67515821 -4.94776649
H -4.12389704 14.67555710 -5.91238327
H -6.62977012 13.30966452 -6.09400732
O 6.42082742 -3.17239632 -15.07871456
H 5.72315358 -4.78340620 -15.51381755
H 4.98907287 -2.17010735 -14.61243434
O -0.52128138 4.32979003 -15.05417239
H -0.77566969 6.11240887 -14.88805987
H -2.18934304 3.63373419 -15.05171838
O 11.82322868 3.86937334 -10.09175368
H 12.68001250 4.76013384 -8.77119870
H 12.34495678 2.14925745 -9.88989059
O 2.12446945 -15.89213751 5.92289519
H 3.31707611 -15.29795608 4.70062303
H 0.71270078 -14.77543178 5.75629304
O 13.95091158 -8.21559446 7.24600389
H 12.52976725 -7.88256272 6.17779255
H 13.24044509 -8.99831584 8.71359939
O 14.95988967 6.43477780 -6.61163326
H 16.39727745 5.41078180 -6.21519443
H 13.92724834 6.35908771 -5.12849759
O -10.56002424 12.33399365 6.14318641
H -10.42855399 13.93237226 6.97929914
H -9.23047084 12.35417069 4.91787215
O -10.47362725 8.02212850 9.60029235
H -9.87636836 8.92397342 11.04982060
H -10.71028944 9.29712146 8.33959823
O 13.65222375 -2.28701870 -11.25980176
H 12.71911817 -3.16202919 -9.98139626
H 12.83657860 -2.74399459 -12.80824039
O -8.02087427 1.74629802 15.93500921
H -9.14831519 2.59000788 14.79995034
H -6.53962751 1.43093418 14.94894877
O -1.84539154 9.16799475 -13.83406467
H -2.42431485 9.61150687 -15.48926976
H -2.82307112 10.20432028 -12.71987049
O -11.20096146 3.41949270 12.19258467
H -10.85240259 4.95921436 11.31020279
H -12.50982398 2.63056380 11.22550425
unit bohr
states 2 0 2 
charge 0 1 0 
step 0
savedir ./SAVE/

SOC
DM
