N    -11.093442580350667 -3.067957137328403 20.214065887311261
N    -12.409820130479650 -3.779185800431812 15.723568275826500
C    -11.014771392003000 -2.929156753380477 22.768593884861151
C    -9.063366495071714 -1.382255292604255 23.582653884831956
C    -7.820705271388267 -0.520738600433526 21.431187462403066
C    -9.109634549538441 -1.567960568723338 19.324154170372640
C    -8.736778356813954 -1.255900644921557 16.727097886359200
C    -10.352091682800289 -2.305035016050788 14.939976330183706
C    -10.478109959232574 -2.119331629657830 12.273098445270222
C    -12.527737151010170 -3.425007660735797 11.443170415020168
C    -13.706897907684738 -4.428195230839706 13.638750604132252
B    -12.917583871332694 -4.617729092089879 18.507238794225589
F    -12.436257398981100 -7.194812860678603 18.782399925692896
F    -15.429177291301956 -4.139108707550585 19.161342926268933
H    -7.459580498453415 -0.153158523052574 16.243105010443948
H    -15.098341048713156 -5.379693122221660 13.666043918568738
H    -6.418371638696243 0.631778907591867 21.470225424712066
H    -8.568666430927070 -0.995530399841730 25.294558672017939
H    -13.140749188445648 -3.637514922498631 9.756019150357449
H    -12.113953269850771 -4.020411230130065 23.752130192981742
H    -9.215506455742425 -1.033820030604874 11.314315659672895
