42
BODIPY x 2
N      -5.870397   -1.623493   10.696823
N      -6.566994   -1.999859    8.320554
C      -5.828766   -1.550043   12.048621
C      -4.796127   -0.731458   12.479403
C      -4.138539   -0.275563   11.340896
C      -4.820611   -0.829729   10.225902
C      -4.623304   -0.664594    8.851599
C      -5.478091   -1.219772    7.905895
C      -5.544777   -1.121502    6.494644
C      -6.629393   -1.812436    6.055465
C      -7.253378   -2.343300    7.217316
B      -6.835691   -2.443597    9.793609
F      -6.580984   -3.807331    9.939218
F      -8.164769   -2.190322   10.139746
H      -3.947440   -0.081048    8.595481
H      -7.989698   -2.846811    7.231759
H      -3.396456    0.334323   11.361554
H      -4.534343   -0.526812   13.385304
H      -6.953785   -1.924890    5.162663
H      -6.410428   -2.127510   12.569086
H      -4.876636   -0.547074    5.987278
N      -0.799397    3.442007   10.696823
N      -1.495994    3.065641    8.320554
C      -0.757766    3.515457   12.048621
C       0.274873    4.334042   12.479403
C       0.932461    4.789937   11.340896
C       0.250389    4.235771   10.225902
C       0.447696    4.400906    8.851599
C      -0.407091    3.845728    7.905895
C      -0.473777    3.943998    6.494644
C      -1.558393    3.253064    6.055465
C      -2.182378    2.722200    7.217316
B      -1.764691    2.621903    9.793609
F      -1.509984    1.258169    9.939218
F      -3.093769    2.875178   10.139746
H       1.123560    4.984452    8.595481
H      -2.918698    2.218689    7.231759
H       1.674544    5.399823   11.361554
H       0.536657    4.538688   13.385304
H      -1.882785    3.140610    5.162663
H      -1.339428    2.937990   12.569086
H       0.194364    4.518426    5.987278

step 0
unit angstrom
states 6 0 6

charge 0 1 0 
h
dm