    56
             769766444
C   -0.0366849    0.2292940   -0.2003576       0.0000107   -0.0000253   -0.0000673
C    1.4426423    0.4046880   -0.1844553       0.0000310    0.0000737    0.0000064
C    2.1051332    1.2582652   -1.0170501      -0.0000052   -0.0000162   -0.0000267
C    3.4512093    1.4006464   -0.9820191      -0.0000004   -0.0000409   -0.0000036
C    4.1997244    0.6650048   -0.0921868      -0.0000368   -0.0000136    0.0000006
F    5.5436556    0.7949429   -0.0460877       0.0000245    0.0000684    0.0000499
C    3.5460579   -0.2098246    0.7507936      -0.0000460   -0.0000485   -0.0000111
C    2.2067849   -0.3251865    0.6977351       0.0001968   -0.0000358   -0.0000133
H    1.6888142   -1.0372790    1.3875065      -0.0000414   -0.0001007    0.0000904
H    4.1422433   -0.8122166    1.4695261       0.0000525   -0.0000635   -0.0000070
H    3.9636387    2.1028805   -1.6584869       0.0000192   -0.0002572    0.0003686
H    1.5268581    1.8694010   -1.7541773      -0.0000288    0.0001901   -0.0000238
C   -0.7187754    0.5785249   -1.4768094      -0.0000264    0.0000331    0.0000122
C   -0.9437238    1.7859680   -2.0385920      -0.0000054    0.0000199    0.0000152
C   -1.5904605    1.8786054   -3.2347611       0.0000056   -0.0000654   -0.0000337
C   -2.0345526    0.7510174   -3.8888262       0.0000493   -0.0000414   -0.0000184
N   -2.7252087    0.7180242   -5.1555280       0.0000571    0.0000745   -0.0000003
N   -2.9259980    1.8196556   -5.7565240       0.0000855   -0.0000119   -0.0001121
C   -3.6179355    1.7851062   -7.0199535       0.0000082   -0.0000112   -0.0000217
C   -4.0920929    0.6581994   -7.6631078       0.0000632    0.0000100   -0.0000327
C   -4.7295204    0.7616223   -8.8577246      -0.0000353   -0.0000379   -0.0001008
C   -4.9058493    1.9804434   -9.4343914      -0.0000063    0.0000096    0.0000848
C   -4.4435823    3.1003845   -8.8217990       0.0000407   -0.0000350   -0.0000110
C   -3.8083171    3.0190672   -7.6303939       0.0000279    0.0000177   -0.0000627
H   -3.4404398    3.9418191   -7.1269839      -0.0001031    0.0000121    0.0002863
H   -4.5988570    4.0956231   -9.2960809      -0.0001946    0.0000740    0.0001584
H   -5.4291520    2.0644258  -10.4211145      -0.0000890    0.0001733   -0.0002562
H   -5.1041960   -0.1461092   -9.3566995       0.0000506    0.0002131    0.0001566
H   -3.9655791   -0.3467247   -7.1993433      -0.0001869   -0.0000572    0.0000021
C   -1.8254227   -0.4897399   -3.2942938      -0.0001216    0.0000061   -0.0000988
C   -1.1848677   -0.5679380   -2.1116171      -0.0000375    0.0000993    0.0000026
C   -0.8893347   -1.7489892   -1.2930929      -0.0000497   -0.0000182   -0.0001027
H   -0.1696492   -2.4869481   -1.7468809      -0.0000813   -0.0002492    0.0002132
H   -1.7859776   -2.3398030   -0.9612497       0.0000979   -0.0000896    0.0000108
O   -0.2677005   -1.2543661   -0.0802188       0.0000007   -0.0000032   -0.0000071
H   -2.1906392   -1.4100223   -3.7828634      -0.0001030    0.0001084    0.0003224
H   -1.7614310    2.8779465   -3.6764576      -0.0001393   -0.0001996    0.0000635
H   -0.6017256    2.7089928   -1.5332524       0.0002921   -0.0000691   -0.0003412
C   -0.6773182    0.8434186    1.0175188      -0.0000329   -0.0000119   -0.0001147
C   -2.1220441    0.6182049    1.1955949       0.0000160    0.0000023   -0.0000048
C   -2.7285074    1.1834460    2.4336502      -0.0000023   -0.0000635   -0.0000456
N   -2.6992158    2.6679550    2.5047031      -0.0000264    0.0000002    0.0000153
C   -1.9354914    3.3092959    3.5770287       0.0000059   -0.0000251    0.0000131
H   -2.4323286    3.1748680    4.5762489       0.0000287    0.0001123    0.0001758
H   -1.8628427    4.4033516    3.3572230      -0.0004656   -0.0001808   -0.0003920
H   -0.9133246    2.8656423    3.6287070      -0.0000139    0.0001609    0.0001745
C   -3.7439739    3.4277383    1.8183174       0.0000800    0.0000290   -0.0000045
H   -4.0681184    2.8770719    0.8988704       0.0002196    0.0002075   -0.0001063
H   -3.3322967    4.4311224    1.5176545       0.0005094    0.0001380    0.0001578
H   -4.6311005    3.5829218    2.4880396       0.0002644   -0.0000481    0.0003146
H   -3.8135767    0.8701079    2.5436262      -0.0000438   -0.0000468   -0.0000481
H   -2.2190593    0.7880794    3.3660189      -0.0001548   -0.0004787    0.0001713
H   -2.6847160    1.0027858    0.3024198      -0.0000960   -0.0000220    0.0002058
H   -2.3295321   -0.4965568    1.1816027       0.0000515   -0.0002021   -0.0002364
H   -0.1221017    0.4717371    1.9253957       0.0003277    0.0002502   -0.0000849
H   -0.4489252    1.9462292    1.0136303       0.0001691   -0.0000235    0.0001905
unit angstrom
states   1
charge   0
dt    20.670687
step       0
retain       3
H
DM
GRAD   1
OVERLAP
 
 
