Geometry
 C   6.0  -2.06882541  -0.00000000   0.00000000  12.00000000 
 S  16.0   0.97288229   0.00000000  -0.00000000  31.97207100 
 H   1.0  -3.14580571  -1.73727363  -0.00000000   1.00782500 
 H   1.0  -3.14580571   1.73727363  -0.00000000   1.00782500 
Frequencies
  0.0000000000  0.0000000000  0.0000000000  0.0000000000  0.0000000000  0.0000000000  0.0046585197  0.0047306882  0.0050392387  0.0068984150  0.0142818946  0.0146285964
Mass-weighted normal modes
  0.0000000000  0.0000000000  0.0000000000  0.0000000000  0.0000000000  0.0000000000 -0.0000000002 -0.0000000007  0.7416608970 -0.3824152004  0.2078532892  0.0000000000
  0.0000000000  0.0000000000  0.0000000000  0.0000000000  0.0000000000  0.0000000000  0.3911920906 -0.0000000044  0.0000000000 -0.0000000002 -0.0000000001  0.3305430076
  0.0000000000  0.0000000000  0.0000000000  0.0000000000  0.0000000000  0.0000000000  0.0000000054  0.4835149630  0.0000000004  0.0000000000 -0.0000000000 -0.0000000000
  0.0000000000  0.0000000000  0.0000000000  0.0000000000  0.0000000000  0.0000000000  0.0000000001  0.0000000005 -0.5495474123  0.0434712603 -0.0065688374 -0.0000000000
  0.0000000000  0.0000000000  0.0000000000  0.0000000000  0.0000000000  0.0000000000 -0.1509285474  0.0000000017 -0.0000000000  0.0000000001  0.0000000000 -0.0006965821
  0.0000000000  0.0000000000  0.0000000000  0.0000000000  0.0000000000  0.0000000000 -0.0000000009 -0.0773159672 -0.0000000001 -0.0000000000  0.0000000000  0.0000000000
  0.0000000000  0.0000000000  0.0000000000  0.0000000000  0.0000000000  0.0000000000  0.5915645050 -0.0000000069  0.2710715912  0.5375373770 -0.3403317464 -0.3491374494
  0.0000000000  0.0000000000  0.0000000000  0.0000000000  0.0000000000  0.0000000000 -0.2492911905  0.0000000028 -0.0221036248 -0.3701188999 -0.6021222737 -0.5687472717
  0.0000000000  0.0000000000  0.0000000000  0.0000000000  0.0000000000  0.0000000000 -0.0000000069 -0.6165369096 -0.0000000006 -0.0000000000  0.0000000000  0.0000000000
  0.0000000000  0.0000000000  0.0000000000  0.0000000000  0.0000000000  0.0000000000 -0.5915645046  0.0000000064  0.2710715911  0.5375373774 -0.3403317465  0.3491374493
  0.0000000000  0.0000000000  0.0000000000  0.0000000000  0.0000000000  0.0000000000 -0.2492911902  0.0000000027  0.0221036248  0.3701189001  0.6021222739 -0.5687472714
  0.0000000000  0.0000000000  0.0000000000  0.0000000000  0.0000000000  0.0000000000 -0.0000000069 -0.6165369096 -0.0000000006 -0.0000000000  0.0000000000  0.0000000000
