N    -1.510641395872304 6.504450553457468 20.214065887311261
N    -2.827018946001287 5.793221890354059 15.723568275826500
C    -1.431970207524637 6.643250937405394 22.768593884861151
C    0.519434689406650 8.190152398181617 23.582653884831956
C    1.762095913090096 9.051669090352345 21.431187462403066
C    0.473166634939924 8.004447122062532 19.324154170372640
C    0.846022827664410 8.316507045864315 16.727097886359200
C    -0.769290498321925 7.267372674735083 14.939976330183706
C    -0.895308774754211 7.453076061128042 12.273098445270222
C    -2.944935966531806 6.147400030050074 11.443170415020168
C    -4.124096723206374 5.144212459946164 13.638750604132252
B    -3.334782686854330 4.954678598695992 18.507238794225589
F    -2.853456214502736 2.377594830107268 18.782399925692896
F    -5.846376106823594 5.433298983235286 19.161342926268933
H    2.123220686024947 9.419249167733296 16.243105010443948
H    -5.515539864234793 4.192714568564211 13.666043918568738
H    3.164429545782121 10.204186598377737 21.470225424712066
H    1.014134753551293 8.576877290944140 25.294558672017939
H    -3.557948003967284 5.934892768287241 9.756019150357449
H    -2.531152085372409 5.551996460655805 23.752130192981742
H    0.367294728735940 8.538587660180996 11.314315659672895
